-0.5147219 0.8389609 0.3310699
-0.4529541 0.07374276 0.3209683
-0.5707659 0.06483614 0.4431762
-0.384052 0.8624875 0.3944605
-0.646288 1.164684 0.4516879
-0.5406833 0.9970759 0.24876
-0.364673 1.266147 0.2459515
-0.5921322 1.550642 0.3538876
-0.4840547 1.523706 0.3142039
-0.6881774 1.341105 0.3299311
-0.3607388 0.9787583 0.3169508
-0.3722014 1.076774 0.3546374
-0.5816914 0.9691356 0.2879172
-0.3673797 0.9722713 0.3681121
-0.6390042 0.6729987 0.3392551
-0.562018 0.6357347 0.3760552
-0.5688444 0.9729531 0.3385874
-0.3801366 1.336058 0.4211875
-0.4489423 0.6356857 0.2340796
-0.4748333 1.469424 0.4015953
-0.5000634 1.729796 0.319343
-0.4914763 1.309775 0.3258089
-0.6931366 1.434337 0.3725554
-0.6197374 1.109668 0.4647926
-0.4236443 0.3634924 0.3414204
-0.4758382 0.6556438 0.357472
-0.6596579 0.9882406 0.3663546
-0.4548279 1.153739 0.2422953
-0.5422342 1.096622 0.2363209
-0.4121517 1.049828 0.3245947
-0.7392504 1.303626 0.3982008
-0.7103745 1.470379 0.4005235
-0.4863454 0.942627 0.4591756
-0.5783437 1.761928 0.2735299
-0.3961222 1.491951 0.2850802
-0.5973599 1.283312 0.3848421
-0.6950781 0.8374197 0.2648414
-0.4607655 0.1114646 0.3535799
-0.4573045 1.170979 0.2945696
-0.4253367 1.278189 0.3036896
-0.516211 0.7016818 0.2919499
-0.7562058 1.240133 0.3065811
-0.6903616 0.8887438 0.2492873
-0.4734975 0.9433644 0.2240539
-0.3838845 0.597958 0.2998275
-0.526343 1.812836 0.2684081
-0.4014656 0.6056786 0.3516267
-0.5633328 1.341498 0.2579794
-0.4372838 0.7187977 0.2769964
-0.406293 0.6897154 0.2440165
-0.5230664 1.356595 0.2852638
-0.6681339 1.002617 0.4440613
-0.4365387 0.582301 0.3142788
-0.4294653 0.3697824 0.2949327
-0.5977853 0.1709467 0.4388275
-0.5491309 0.9998248 0.3949196
-0.449746 0.8995516 0.4433824
-0.6219193 0.9737874 0.4185715
-0.713383 1.327796 0.44246
-0.4442394 0.4601503 0.2708443
-0.6476477 1.255719 0.3983702
-0.5599118 0.8698189 0.3367526
-0.4817272 0.7460217 0.2884449
-0.4833107 1.033909 0.1890643
-0.3797883 0.4506738 0.3247675
-0.3620543 0.8858365 0.2883162
-0.6313126 0.8523618 0.3994923
-0.5426291 0.7080367 0.3436281
-0.373239 1.291289 0.3973625
-0.4388336 0.3205346 0.3126939
-0.5457184 1.552907 0.3843215
-0.4970483 0.7212918 0.2483041
-0.660499 0.7504627 0.2585811
-0.7428847 1.210094 0.1696298
-0.4209425 1.542211 0.3980987
-0.6621439 0.8597159 0.4469144
-0.5675757 1.419147 0.5097548
-0.4675855 0.7431647 0.2215428
-0.4078328 1.205887 0.1915495
-0.4934342 1.221382 0.3405812
-0.5721061 0.5092819 0.3873483
-0.6557179 0.8017833 0.2426463
-0.7753132 1.241042 0.3534869
-0.7837835 1.210441 0.3857006
-0.6749772 0.8556576 0.3109793
-0.4493001 1.223902 0.2985595
-0.5001944 0.9801837 0.4972553
-0.4555954 0.07274228 0.2640846
-0.4118048 1.551947 0.3455217
-0.6184631 0.1171724 0.4228234
-0.5356891 1.685859 0.3463928
-0.4617721 0.3983947 0.3581267
-0.521067 1.132324 0.479029
-0.4460222 0.4526441 0.3707381
-0.5956627 0.8199328 0.3235796
-0.469595 1.248787 0.2135931
-0.5389639 1.436554 0.284968
-0.6500571 0.3665258 0.4331574
-0.6028988 0.8082455 0.3769851
-0.5945892 1.162088 0.2695489
-0.4195599 0.7587489 0.3087213
-0.5062715 0.6613914 0.3227455
-0.6546718 0.502102 0.3343495
-0.6034575 0.4541534 0.4506684
-0.3951293 0.1633805 0.341206
-0.6057951 1.239212 -0.01282334
-0.5952221 1.73829 0.1620199
-0.3768815 0.7371767 0.3084078
-0.3650263 0.9943103 0.2662145
-0.4046201 1.275762 0.357139
-0.6112432 1.351992 0.4395562
-0.6131777 0.4259275 0.4033184
-0.6032864 1.303352 0.3295516
-0.4420695 0.6333864 0.3141843
-0.6164739 0.720555 0.380982
-0.6020215 1.403717 0.4643998
-0.5350429 1.330827 0.485852
-0.5213199 1.692381 0.2107566
-0.4833414 1.473444 0.4550752
-0.5022675 0.9067746 0.2602915
-0.4467489 0.0251713 0.2887038
-0.4955806 1.090407 0.195334
-0.5095841 1.095823 0.3250814
-0.5574139 1.775086 0.1749331
-0.4414807 0.874905 0.3949264
-0.5948794 1.029708 0.4220409
-0.474339 1.200437 0.2495693
-0.5397627 1.212916 0.1951444
-0.4994813 1.0841 0.4851035
-0.5550156 0.8377368 0.2920169
-0.4508498 1.511787 0.4315876
-0.4039389 0.1207018 0.3278365
-0.5465832 1.141085 0.2532449
-0.6259744 1.213398 0.4726016
-0.654537 1.233499 0.01687066
-0.6513833 0.2074245 0.4020077
-0.5644199 1.104023 0.3540996
-0.6292328 1.344918 0.3305763
-0.4258375 0.4733616 0.325386
-0.6629007 0.5913284 0.3979619
-0.4569485 1.255585 0.2600712
-0.7628959 1.177922 0.4187258
-0.4227685 0.6595933 0.3592726
-0.5809634 1.742542 0.2193422
-0.4556029 0.7438551 0.3333418
-0.4736432 1.035574 0.2486302
-0.472602 1.133171 0.4667115
-0.4995503 1.684668 0.3093138
-0.4945415 1.72991 0.2334512
-0.723642 0.9189205 0.3422186
-0.5958982 0.4596981 0.3678173
-0.7304519 1.244877 0.08087628
-0.3821559 1.46405 0.4304258
-0.6591997 0.9231228 0.287458
-0.6158761 0.6775724 0.2994482
-0.627341 1.257225 0.3433557
-0.4429413 1.198202 0.3420643
-0.6151754 0.626616 0.3223085
-0.4074191 1.189045 0.2895615
-0.3930732 0.2576505 0.3606655
-0.4643927 1.479557 0.2865888
-0.577005 1.807528 0.205879
-0.3912445 1.15815 0.2339116
-0.5202907 1.174731 0.05793349
-0.616657 1.005783 0.4674969
-0.5984731 0.9183331 0.2796811
-0.5181037 0.9387546 0.3174178
-0.4365536 0.1755422 0.3171919
-0.4569241 1.421114 0.315063
-0.5890461 1.135294 0.2215338
-0.711881 0.9152972 0.3950937
-0.5587091 0.8251162 0.4124598
-0.3799682 0.8299909 0.3549038
-0.5280629 1.588943 0.3479378
-0.4636723 0.792595 0.3013444
-0.6424557 1.20818 0.2724363
-0.5172595 1.760609 0.2043182
-0.5803257 0.852428 0.3779323
-0.3676814 1.025465 0.353218
-0.690505 0.9595972 0.2611396
-0.5520524 1.227911 0.06452092
-0.6559936 0.7772189 0.3056399
-0.4460826 1.393972 0.3680837
-0.6711115 1.340685 0.4946047
-0.6605945 0.9450947 0.399637
-0.6190038 1.080136 0.4183678
-0.3797667 0.6918391 0.2873558
-0.5733572 0.6032789 0.3475229
-0.3939679 1.250517 0.4233977
-0.6479204 0.7654561 0.4209551
-0.5597747 1.011793 0.476806
-0.6299509 1.311383 0.4756945
-0.4018282 0.4945761 0.2888881
-0.6131643 0.1745326 0.3904288
-0.5419069 1.242267 0.2915551
-0.4086578 0.5503525 0.2749031
-0.7238505 1.238138 0.1997659
-0.549532 0.8906664 0.2829957
-0.6991069 1.391644 0.3512296
-0.4299116 0.5300688 0.3215449
-0.6381844 1.170814 0.3007838
-0.4700515 1.356447 0.2964464
-0.3820664 0.5503555 0.3214493
-0.5201364 1.439875 0.4816527
-0.4281475 0.5073784 0.3717565
-0.6375399 0.06484193 0.3826849
-0.52562 1.083737 0.3790635
-0.5881589 0.9279028 0.4323708
-0.5632274 0.6821931 0.385511
-0.4217893 0.8518407 0.434337
-0.5095667 0.8934736 0.2081949
-0.6246941 0.905223 0.235967
-0.4468219 0.8020188 0.3500311
-0.5926929 0.5459347 0.4246626
-0.6119762 0.6642578 0.3768363
-0.4724387 1.009338 0.2927957
-0.4278519 1.160695 0.1957972
-0.6012241 0.228589 0.3824217
-0.5924742 0.3185898 0.4483879
-0.5768461 0.3344421 0.3844976
-0.4903285 1.38422 0.3397068
-0.6883919 1.383827 0.4057655
-0.4274918 1.444353 0.270085
-0.5985457 1.7706 0.3186704
-0.5538859 1.207477 0.02380807
-0.2978393 1.343307 0.2697612
-0.2809275 1.318687 0.3131002
-0.3636986 0.876299 0.3404909
-0.6284797 0.7680693 0.373209
-0.5428221 1.615196 0.3012853
-0.6205212 1.704911 0.2492969
-0.5602142 1.645818 0.2624719
-0.6420583 0.8769877 0.2802481
-0.7067236 1.480952 0.4858702
-0.3768825 1.211852 0.1514466
-0.5316905 0.9104123 0.365925
-0.6253433 0.9020547 0.4177122
-0.3464697 1.334223 0.3785271
-0.4636674 1.08313 0.245817
-0.418485 1.112399 0.2307838
-0.4695027 1.08481 0.4072754
-0.3966376 0.2042197 0.358554
-0.5645916 0.3567836 0.4246502
-0.6136559 1.452348 0.5131583
-0.4863104 1.428161 0.3717911
-0.5468674 1.39457 0.3223659
-0.6187196 1.357483 0.4975745
-0.3152255 1.290656 0.242017
-0.3017159 1.170823 0.2661749
-0.443648 1.309219 0.341258
-0.659591 0.5911331 0.3092478
-0.4700499 1.425141 0.4617549
-0.5370173 1.128995 0.1910212
-0.5543747 1.77862 0.2369757
-0.5610611 1.17442 0.2144368
-0.456215 1.203427 0.1908808
-0.4086435 0.8970898 0.3557692
-0.6877965 1.104596 0.2959818
-0.5725456 1.823491 0.2524453
-0.7173778 1.243114 0.1474979
-0.756027 1.169641 0.3663961
-0.626128 0.02045539 0.4112658
-0.5205002 1.562594 0.431369
-0.4066753 0.07358648 0.3468954
-0.524712 1.207711 0.4298259
-0.5169153 1.101213 0.4324665
-0.5317274 1.489785 0.477834
-0.4178896 1.459218 0.3180507
-0.5704688 1.038719 0.2238253
-0.6955195 1.220935 0.1091428
-0.3384286 1.371331 0.2610114
-0.5984402 0.270618 0.4462683
-0.5407832 1.535257 0.3330986
-0.4166581 1.080539 0.2795519
-0.6687828 1.439235 0.5125317
-0.3490764 1.287116 0.348351
-0.6045522 1.136131 0.4268667
-0.6036786 1.544772 0.4551001
-0.3823706 0.50409 0.3437874
-0.4746884 0.599404 0.2737908
-0.5865275 0.8616375 0.4360368
-0.5673193 0.7776121 0.4056881
-0.4588799 0.6907042 0.3155274
-0.4310345 0.2862663 0.3844744
-0.2753406 1.246038 0.2935117
-0.4501841 1.573702 0.3749593
-0.5058485 1.174145 0.2202993
-0.662535 1.343115 0.43218
-0.711428 0.9181925 0.286488
-0.2722237 1.2038 0.2661591
-0.5786322 1.483676 0.4494508
-0.6211692 1.463289 0.3224452
-0.6877317 0.7055696 0.3340522
-0.5877795 1.263683 0.2975797
-0.5616183 1.444837 0.3467534
-0.4226062 1.320484 0.390003
-0.5577267 0.9091777 0.4750914
-0.632482 1.412375 0.297749
-0.6695374 0.9278495 0.2221372
-0.4948268 1.260297 0.4249199
-0.6935707 0.02360861 0.2758252
-0.4986176 1.399962 0.2916205
-0.5310493 1.141911 0.3404152
-0.4645018 0.9194539 0.3025298
-0.4752779 1.229797 0.4667765
-0.451586 0.6918758 0.2227834
-0.6066503 1.119898 0.3765343
-0.651254 1.289005 0.2580935
-0.4911404 0.9945319 0.2316313
-0.5236425 1.269352 0.2084428
-0.3879158 0.7404501 0.2576277
-0.6484856 1.341732 0.2784535
-0.6295116 1.302589 0.4217356
-0.4428841 0.1657302 0.3759142
-0.7342482 1.25943 0.3592455
-0.4187495 0.02050116 0.3824173
-0.5940477 0.8980242 0.3735033
-0.6145728 1.058666 0.3707483
-0.5756387 0.7598345 0.351842
-0.4947647 0.7922134 0.3436205
-0.5519603 1.606557 0.4002686
-0.5402508 1.191736 0.2587187
-0.4176194 0.8223553 0.3884997
-0.3880192 1.325269 0.3426602
-0.4261889 0.8517028 0.3489446
-0.5356066 1.397961 0.3694655
-0.5018994 1.029649 0.489978
-0.4513378 0.6087256 0.3649769
-0.5095766 0.8120877 0.3930312
-0.4357114 0.6658033 0.2796583
-0.4234689 0.4196809 0.3331194
-0.4992367 1.175298 0.3284369
-0.6497867 0.2654418 0.4280949
-0.5502086 1.667776 0.3024436
-0.3999343 0.7341672 0.3561113
-0.3744786 1.208646 0.2340712
-0.6182439 0.6129647 0.3764488
-0.4013083 0.793412 0.2281228
-0.5446982 1.014457 0.3456076
-0.406405 0.02469344 0.2522373
-0.6081588 1.438201 0.4246721
-0.514469 0.8771356 0.5049864
-0.500953 0.9385213 0.1720341
-0.6286766 0.8609896 0.3449478
-0.3629144 1.216496 0.2907171
-0.4742552 0.2564649 0.3696196
-0.5906335 1.629296 0.3125843
-0.5755705 1.594951 0.3577557
-0.6611431 0.8941194 0.3797698
-0.4105532 0.9233612 0.2096675
-0.575091 0.6617393 0.3323723
-0.6519457 1.260498 0.4519982
-0.3603583 1.38782 0.3562635
-0.6474838 0.8529943 0.2355244
-0.6556323 0.4120467 0.4142703
-0.4043898 1.242396 0.2721917
-0.3442391 1.378054 0.4050711
-0.4556475 1.031332 0.4019466
-0.4208512 0.4007362 0.3852555
-0.4390283 0.9276645 0.3924414
-0.5559335 1.153324 0.4351074
-0.4509744 0.9683303 0.3146551
-0.4244103 1.227332 0.3825502
-0.5685157 1.578044 0.2551108
-0.5643822 1.808622 0.3014639
-0.4702368 0.4524809 0.3230558
-0.5912179 1.523781 0.404832
-0.6536232 1.075615 0.3274778
-0.4358453 0.2256334 0.336841
-0.4631095 1.062361 0.3021647
-0.4860006 0.5538111 0.3182778
-0.6527125 1.447015 0.4018436
-0.657316 1.480504 0.3637844
-0.4019592 1.42837 0.4509583
-0.6108356 0.06640851 0.4324583
-0.4716401 1.552113 0.4153148
-0.3128221 1.452069 0.2886614
-0.6598741 0.8155867 0.4157671
-0.7757783 1.199454 0.3310741
-0.6655723 1.008536 0.2544581
-0.4934968 0.7137077 0.3478484
-0.3910174 1.093615 0.3973471
-0.6981357 0.8146935 0.3217893
-0.7157264 1.179254 0.1498751
-0.496718 1.046831 0.4392032
-0.6382657 1.255846 0.2980637
-0.3910053 0.2250027 0.3172696
-0.4386155 0.2758704 0.3310602
-0.6096239 1.66547 0.2823007
-0.6326941 0.9050579 0.1890647
-0.6987219 0.7872315 0.2759632
-0.4487849 0.02478917 0.1481261
-0.5556068 1.640877 0.350001
-0.5623013 0.3008847 0.415332
-0.67548 1.298282 0.4670617
-0.7063864 1.202815 0.2901857
-0.532434 1.736281 0.3443338
-0.4031102 0.9059417 0.4242149
-0.6737486 0.02506072 0.2360348
-0.5198072 0.981999 0.1869587
-0.5743997 1.345463 0.3106215
-0.5699658 1.090029 0.4178162
-0.3304349 1.211925 0.2547717
-0.4436169 1.275976 0.3986528
-0.3063569 1.320427 0.350975
-0.6057003 0.3633679 0.4570395
-0.5587731 0.1064285 0.4145725
-0.4149387 1.13965 0.2819476
-0.4142045 1.013667 0.2930186
-0.5240152 0.9603679 0.3715112
-0.3463228 1.323609 0.2489414
-0.6664006 0.6385944 0.3833708
-0.6197361 0.9425697 0.3711003
-0.4907054 0.8936926 0.1564242
-0.4732877 1.19861 0.42049
-0.2866892 1.246623 0.2432592
-0.4562102 1.286159 0.4526019
-0.3834613 0.3310162 0.3189326
-0.4075408 1.495845 0.3539697
-0.4153415 0.9453017 0.3467295
-0.450155 1.037129 0.4579357
-0.5924705 0.2865188 0.3732246
-0.6450549 1.053826 0.4538535
-0.6820625 1.298866 0.4079474
-0.4431238 1.164534 0.1420659
-0.6350286 0.6524402 0.4244778
-0.5017413 1.240198 0.0873455
-0.3683654 0.8413807 0.2615022
-0.7171981 1.243277 0.03316681
-0.5280296 0.7611008 0.368943
-0.455254 1.023216 0.3464528
-0.6459641 1.547407 0.4289052
-0.5877745 0.6395469 0.4194895
-0.3676535 1.077554 0.3044464
-0.4742098 0.7583236 0.37884
-0.4923462 0.840765 0.2190375
-0.3879665 1.40703 0.252843
-0.6155968 1.340926 0.3836161
-0.5588199 1.390737 0.2725979
-0.4018997 1.299734 0.2520331
-0.4041814 0.963128 0.2919289
-0.7049049 1.256217 0.3136665
-0.3615116 1.030019 0.3059048
-0.5013743 1.636796 0.2754781
-0.4181337 1.06232 0.4262567
-0.6831501 0.6578582 0.3390809
-0.6750117 1.220866 0.4310473
-0.6249939 1.753918 0.2696912
-0.677956 1.387373 0.5139958
-0.4774742 0.1972931 0.3651226
-0.5608395 1.425871 0.4556921
-0.7438468 1.16666 0.3115835
-0.7784535 1.26317 0.4546842
-0.7386274 1.172194 0.256034
-0.7202438 1.50209 0.439198
-0.3743088 1.269593 0.3070006
-0.7673759 1.202699 0.280404
-0.5625198 0.2038753 0.4012077
-0.522983 1.329198 0.2273724
-0.507046 0.8876367 0.3214867
-0.504836 1.148571 0.2832038
-0.4263179 1.119041 0.4355358
-0.7131291 1.347877 0.3824861
-0.3728548 1.240008 0.377916
-0.2972582 1.399074 0.2833481
-0.5549881 1.113923 0.2979886
-0.7168632 1.268071 0.4424764
-0.5420914 1.729575 0.2369644
-0.634778 0.4623978 0.3381985
-0.5138538 0.8003688 0.2928293
-0.6184316 0.5961453 0.4277553
-0.6715128 1.206841 0.377266
-0.3776316 1.445743 0.3688116
-0.5214075 1.387732 0.4811376
-0.6509992 0.3342877 0.4008745
-0.6525893 0.9815375 0.2158733
-0.3940842 1.149286 0.4091877
-0.421053 1.100832 0.3294904
-0.5327461 1.026386 0.1930197
-0.635194 1.143517 0.2423818
-0.5243174 0.8605256 0.381541
-0.4973934 1.125314 0.3790874
-0.3788193 1.107205 0.2606632
-0.5513704 1.774093 0.3274806
-0.5421337 0.9416785 0.2719359
-0.4932235 1.290286 0.3779122
-0.5887268 0.1380631 0.3692453
-0.7369466 1.242142 0.2575696
-0.6536153 0.5441799 0.3185969
-0.5028338 1.279374 0.4746283
-0.5291408 0.9455805 0.2198547
-0.4974929 0.7822833 0.239178
-0.4683645 0.981223 0.1801651
-0.7949626 1.227949 0.4280502
-0.7169719 1.336115 0.5011635
-0.5503426 1.721202 0.3032011
-0.4726243 1.323419 0.4178995
-0.4353066 1.118885 0.3777775
-0.7034376 1.012374 0.399973
-0.2877437 1.367386 0.3199666
-0.5807347 1.301142 0.4467551
-0.4276237 1.199821 0.2432722
-0.4839814 0.675522 0.2557839
-0.4374068 1.235497 0.4389513
-0.4874288 1.440349 0.2662458
-0.4563369 1.085857 0.4567943
-0.455351 1.514834 0.3694193
-0.591908 0.8667796 0.2429156
-0.4771247 1.172401 0.3727455
-0.4917544 0.8993984 0.4015907
-0.5070754 1.492514 0.3523672
-0.3872693 0.8479986 0.2200692
-0.6261439 0.9105514 0.328636
-0.4862704 1.298317 0.222484
-0.5229561 1.346485 0.3347991
-0.6221108 0.2580468 0.3970811
-0.5025771 1.209579 0.2905433
-0.3270068 1.244884 0.2139099
-0.691022 1.426756 0.434955
-0.5184994 1.036611 0.2847398
-0.4735173 0.3082763 0.3579295
-0.7541621 1.208808 0.225734
-0.5961176 1.142807 0.3221141
-0.675508 1.053188 0.2728519
-0.562788 0.9048222 0.227485
-0.6736038 0.7371359 0.3817095
-0.4437072 0.9814933 0.3820764
-0.4002248 1.167803 0.1470216
-0.3360119 1.498909 0.2929518
-0.4759268 1.604769 0.3515978
-0.657095 1.487078 0.4986058
-0.3521701 1.429386 0.4165743
-0.3928801 0.6448278 0.2684841
-0.4096397 0.9974931 0.3448225
-0.6464748 0.384414 0.3788941
-0.6215177 1.742533 0.2172621
-0.6992125 1.377778 0.4561328
-0.5952736 0.7090882 0.34056
-0.6996158 0.8618394 0.4104969
-0.3382995 1.344642 0.3187137
-0.6796667 1.513359 0.4062988
-0.4709671 0.5042916 0.3466285
-0.6030468 1.209174 0.3226383
-0.4425721 0.5739608 0.2391212
-0.6096869 1.697696 0.1969452
-0.6087615 1.26615 0.4870369
-0.7156064 1.010689 0.3473797
-0.4063406 1.292832 0.440177
-0.5786712 0.3950876 0.3870275
-0.4663492 0.9916962 0.4528647
-0.460256 0.888551 0.2269644
-0.6021646 0.7481176 0.4275205
-0.4940054 1.181206 0.4748107
-0.4214493 0.1189509 0.3798102
-0.3730124 1.17883 0.3292964
-0.5609779 1.42659 0.4025428
-0.3403006 1.41958 0.2638732
-0.4094874 0.8630625 0.3044161
-0.7147912 1.287574 0.4887515
-0.6282218 0.1215441 0.3752604
-0.7438375 1.245165 0.4778827
-0.4210439 1.228345 0.1440147
-0.4038811 1.40855 0.3386994
-0.384338 0.6466831 0.3194301
-0.4541458 0.7911299 0.2094241
-0.5429448 0.8568522 0.232596
-0.5559918 1.531269 0.4700807
-0.5586644 1.245417 0.01198538
-0.5245479 0.7542648 0.3200836
-0.4773467 0.8495606 0.4313062
-0.5529784 0.8935384 0.4137126
-0.6416146 1.522169 0.4719285
-0.6208425 0.9649774 0.3236364
-0.6553416 0.02438538 0.3636588
-0.5077145 1.04177 0.3864169
-0.7028437 1.008902 0.2917766
-0.7267284 1.174389 0.1994145
-0.7028568 1.056447 0.3214421
-0.5714143 1.371801 0.507859
-0.5842885 1.085672 0.2161366
-0.584972 1.318658 0.4983105
-0.6998587 1.300067 0.3550077
-0.6449249 1.392343 0.3695912
-0.3988264 1.065872 0.2226219
-0.3788956 0.7876412 0.2783594
-0.6331246 0.957612 0.2609173
-0.6205129 0.4134527 0.3535568
-0.7063097 1.253043 0.3991954
-0.469133 1.077567 0.3554896
-0.6897211 1.118724 0.3953671
-0.5243003 1.230037 0.4771962
-0.5799716 1.70885 0.2715786
-0.7555074 1.353253 0.4656183
-0.3778054 0.7813991 0.3365312
-0.6181438 1.462193 0.4665786
-0.3764325 1.529628 0.3754416
-0.7336382 1.453609 0.444973
-0.5505753 0.8083692 0.350027
-0.4008619 1.412696 0.3982686
-0.342242 1.435865 0.3320282
-0.5717747 0.9474687 0.3867681
-0.5673639 1.480902 0.3087542
-0.3899575 1.010211 0.2260046
-0.6908209 0.7624649 0.3371753
-0.6002482 1.165297 0.474586
-0.4523192 0.9244124 0.1807229
-0.4367832 0.05463603 0.2265466
-0.436018 0.3425058 0.3836294
-0.6917478 1.155994 0.3163824
-0.3662204 1.475214 0.3272889
-0.5713513 0.9809639 0.4347325
-0.6451111 0.1562704 0.418071
-0.5028465 0.8942183 0.4570661
-0.617781 1.051139 0.2485109
-0.6059194 1.200286 0.2282285
-0.5711525 1.355498 0.3617077
-0.4461583 1.067641 0.2004675
-0.5115312 1.271384 0.2598116
-0.3965196 1.363818 0.377453
-0.2927175 1.423626 0.3347035
-0.5675257 1.360445 0.4583187
-0.6521829 1.128545 0.345708
-0.6413547 0.3136545 0.4417765
-0.71831 0.964527 0.3152685
-0.4771191 1.202999 0.07526428
-0.7005113 1.206799 0.2405571
-0.3204088 1.416788 0.3791721
-0.5632085 0.1560083 0.4018228
-0.5308828 0.939733 0.4256769
-0.4272779 1.038645 0.254402
-0.6484772 0.5460116 0.4176231
-0.369636 1.049807 0.2589152
-0.6072493 1.777232 0.1866332
-0.4203548 1.154505 0.3372285
-0.5029935 0.9252849 0.5027418
-0.5105972 1.228244 0.2389272
-0.5998589 1.392227 0.3395829
-0.5284982 1.184146 0.3824382
-0.6242937 0.7251141 0.2838457
-0.6585441 1.021725 0.3204412
-0.3943342 0.3107768 0.362191
-0.4950471 1.781234 0.2488197
-0.4103461 0.9120927 0.3028488
-0.6033188 1.089939 0.3286331
-0.4136206 0.8117391 0.3122399
-0.6413659 0.8240514 0.2910397
-0.7289438 1.412009 0.4028663
-0.6542937 1.089179 0.3820855
-0.6067947 1.312253 0.2725255
-0.3619007 0.9378821 0.2757507
-0.5181605 0.9939062 0.4431982
-0.6556692 0.5047148 0.3863449
-0.5295501 0.856375 0.4422424
-0.3807152 1.370877 0.3056188
-0.3750444 1.316651 0.2920848
-0.6679606 0.9733046 0.3077424
-0.4317742 1.361911 0.3354757
-0.5076756 1.78074 0.3032503
-0.6639027 1.211259 0.3237126
-0.6827556 1.248906 0.2729894
-0.4640039 1.473668 0.3389328
-0.5164234 1.186868 0.1008916
-0.596054 0.6929684 0.424046
-0.4062913 0.0250677 0.3178959
-0.6223778 0.305038 0.397219
-0.7116395 1.063528 0.3771054
-0.6509325 1.186473 0.2264312
-0.6741374 0.9410894 0.3468045
-0.5330942 0.7535295 0.2664437
-0.5211954 1.338313 0.3864141
-0.5752602 1.625577 0.2154467
-0.5089853 1.418385 0.4270876
-0.6907113 1.176008 0.4151752
-0.434746 0.2255498 0.3846164
-0.5137859 1.629968 0.3769495
-0.5456986 1.042947 0.4286233
-0.5283337 1.691919 0.265604
-0.6373688 1.094822 0.2188796
-0.4638084 0.5011829 0.2967956
-0.5731424 0.9891472 0.2048085
-0.5680228 1.686466 0.2314837
-0.4512416 1.422607 0.4158773
-0.602866 1.572737 0.4008368
-0.6007336 1.516556 0.3251765
-0.5267644 1.81071 0.2159385
-0.4562265 1.258424 0.3451207
-0.6477603 1.151392 0.397359
-0.5505492 1.253619 0.4384589
-0.645821 0.8112375 0.3464024
-0.6357474 1.528585 0.3767035
-0.6536289 0.4516646 0.3790878
-0.5866054 1.212483 0.2787505
-0.4144996 0.07330011 0.2849271
-0.5623963 1.23642 0.2379536
-0.5546834 1.277344 0.4860334
-0.6133825 0.9517884 0.2020292
-0.4625798 0.5493205 0.2760125
-0.6191277 0.083411 0.3444775
-0.6094027 1.434484 0.3690562
-0.6596603 0.5538845 0.3630074
-0.422391 1.000869 0.4324872
-0.6788478 0.0235476 0.321423
-0.4708325 1.341995 0.3662232
-0.564198 0.7286513 0.3958024
-0.4020245 1.228156 0.3307101
-0.5768635 0.4061299 0.4388222
-0.6064538 1.658518 0.2340411
-0.5474495 1.299038 0.3022985
-0.6026628 1.251224 0.4306555
-0.3783321 1.189042 0.3722979
-0.5253581 1.306139 0.4352858
-0.4195902 0.6062226 0.2641073
-0.6505355 1.380702 0.468715
-0.4300884 1.191614 0.1085804
-0.5167342 1.356243 0.4380754
-0.6501251 0.06242732 0.3188665
-0.3966099 0.4592055 0.3721977
-0.3993673 1.508355 0.4206436
-0.5657187 1.466617 0.5024236
-0.6648893 0.6085829 0.3484581
-0.584303 0.494386 0.4310429
-0.7564104 1.302887 0.4791284
-0.4638865 0.4074423 0.3053282
-0.6374704 0.02680575 0.2813616
-0.376166 1.527697 0.3185107
-0.406631 0.4281698 0.2870924
-0.3745535 0.9020051 0.2383633
-0.6558347 1.095384 0.2612318
-0.6643128 1.345894 0.3775485
-0.4441963 0.7076528 0.3725692
-0.4237735 0.9695579 0.2022992
-0.5567308 1.06178 0.3225716
-0.6489527 1.040374 0.211722
-0.5182782 1.485195 0.3039466
-0.6886719 1.527356 0.4612822
-0.4922202 0.640789 0.2833881
-0.560895 1.288645 0.2508851
-0.6098366 0.5167139 0.3498474
-0.4642272 1.140256 0.4159867
-0.4390846 0.7740641 0.2614278
-0.745485 1.403684 0.4519705
-0.4207669 1.333061 0.2955346
-0.6083859 1.256722 0.2516938
-0.6341969 1.174552 0.3538498
-0.5984731 1.505164 0.493181
-0.4568916 1.560878 0.327513
-0.3747326 1.125988 0.313234
-0.4332066 0.9318166 0.258339
-0.4770855 1.349168 0.2354495
-0.6255808 1.006248 0.2873899
-0.3298087 1.301629 0.2957948
-0.6999885 1.161924 0.3640803
-0.5842494 0.1195276 0.449782
-0.5467914 1.514156 0.4215173
-0.6207286 0.9024998 0.4700458
-0.6800168 0.7903571 0.3782722
-0.4551001 1.4005 0.25046
-0.5977579 1.612782 0.2666091
-0.6469441 1.300925 0.3628387
-0.4143265 0.02215475 0.1933207
-0.5688632 1.11429 0.4695596
-0.6095136 0.8072909 0.4298728
-0.3805943 1.427609 0.2993619
-0.5981905 0.9558852 0.473277
-0.6247143 0.4108361 0.4529599
-0.6437494 0.7080606 0.4220107
-0.6414122 1.395737 0.4209848
-0.577338 1.225574 0.4826447
-0.5752746 1.172776 0.3543184
-0.3576699 1.486996 0.392778
-0.4807733 0.151078 0.3349163
-0.3682816 1.164193 0.1839445
-0.5793352 1.201122 0.4374812
-0.6304392 0.5057578 0.4401384
-0.6105598 0.7678993 0.3217409
-0.567557 0.782306 0.2929771
-0.6178342 1.059488 0.2946053
-0.6792174 0.894473 0.3311393
-0.3982106 1.200854 0.4210083
-0.7137457 1.43114 0.4891742
-0.5730506 1.019136 0.2908885
-0.4608024 1.11508 0.2848352
-0.568435 1.675954 0.1871843
-0.6161931 1.794765 0.2351451
-0.6241829 0.2157093 0.4324366
-0.5875444 0.07777393 0.385156
-0.549681 1.381409 0.4170435
-0.3728013 1.237477 0.1892722
-0.3046746 1.208814 0.3036843
-0.6117479 0.02588448 0.3399128
-0.4381658 0.984482 0.2522772
-0.5835505 0.02672712 0.3964016
-0.4839256 1.151498 0.1817369
-0.396695 0.9621229 0.4055741
-0.612902 0.3523362 0.3665011
-0.3825152 1.382888 0.4369178
-0.6716412 1.475362 0.4458238
-0.6585181 1.237659 0.2338002
-0.4219119 0.7709497 0.3748099
-0.5264471 1.539927 0.2885222
-0.2961815 1.202145 0.2214707
-0.56772 0.55573 0.3714485
-0.6029407 0.9996013 0.2439622
-0.3030712 1.480674 0.3289682
-0.5507889 1.134457 0.3918647
-0.5046448 1.512002 0.3987539
-0.6050779 1.023646 0.3346431
-0.4377669 1.36692 0.4104932
-0.5925648 1.173458 0.3962493
-0.4322044 1.353851 0.2469739
-0.5005847 1.221056 0.1820007
-0.5808533 0.9493921 0.2370605
-0.4566875 1.117141 0.203271
-0.7350413 1.216317 0.1126438
-0.5950934 1.388749 0.3987797
-0.628078 1.493081 0.4215361
-0.4973497 1.549191 0.3611936
-0.602238 0.9978989 0.3759623
-0.5919881 1.680911 0.3265309
-0.5084092 1.440206 0.327357
-0.7194441 0.9655927 0.3723336
-0.4252151 1.389684 0.4546532
-0.3351856 1.394112 0.3121081
-0.6553647 1.429321 0.4673043
-0.463068 0.0227542 0.2367762
-0.6446559 0.7287595 0.3329352
-0.6823997 0.8417057 0.3671804
-0.5247629 1.64617 0.2265934
-0.5531875 1.307246 0.3541668
-0.5641431 1.063861 0.2699965
-0.4750656 1.230144 0.3861538
-0.3078039 1.372178 0.3631971
-0.5675046 1.567647 0.4328192
-0.661678 1.38134 0.3156028
-0.565538 0.8626567 0.4842497
-0.3860122 0.3601125 0.3676795
-0.5427373 1.066959 0.4740643
-0.5725986 1.25468 0.3461364
-0.4468028 0.02535424 0.3474834
-0.4704265 0.8222449 0.258724
-0.7005599 1.105536 0.3464241
-0.5669792 1.576137 0.308472
-0.4325917 1.517517 0.3082281
-0.6147097 1.720951 0.3054462
-0.5712001 0.9230738 0.3271798
-0.4762973 0.8456253 0.370747
-0.5312213 1.754533 0.2759192
-0.6605413 1.11179 0.4359559
-0.6047896 1.220207 0.0295056
-0.5533139 1.173009 0.3031374
-0.4151163 0.8776914 0.1954224
-0.6100696 1.802971 0.2827491
-0.4216357 1.473113 0.3966243
-0.422298 1.060683 0.3728462
-0.4348139 0.06786118 0.3815113
-0.609165 1.370843 0.2832466
-0.586758 0.2233855 0.4417134
-0.597895 0.8693022 0.3012548
-0.5077263 0.8544302 0.273154
-0.6839034 1.061821 0.4212244
-0.7235556 0.8727672 0.3038239
-0.6070275 1.486183 0.3663364
-0.5672446 1.050701 0.3762403
-0.4777171 0.9383235 0.3558979
-0.7716321 1.263733 0.4022587
-0.5093963 1.088182 0.2766768
-0.5078861 1.386867 0.2443766
-0.5042084 1.639554 0.3274939
-0.5975357 1.104975 0.2676124
-0.5160369 1.052276 0.2335745
-0.2987005 1.270591 0.3259318
-0.5715955 0.450084 0.4088912
-0.4610191 0.892161 0.3457897
-0.4687306 0.02653447 0.1881202
-0.5484189 1.179197 0.4768369
-0.768863 1.311015 0.4332691
-0.4977531 1.591987 0.3982463
-0.431829 1.466712 0.4466183
-0.5714453 0.7266686 0.3017113
-0.4139571 0.8805134 0.2532391
-0.3364191 1.510626 0.3482474
-0.6183501 0.8516861 0.4679238
-0.5016806 1.583016 0.3054067
-0.4231989 0.7423745 0.2217184
-0.3602843 1.166387 0.2740465
-0.6450446 0.4602939 0.4295134
-0.3605363 0.9280302 0.3286367
-0.4979314 1.124239 0.2358401
-0.465661 0.5580968 0.3585131
-0.4368852 0.8356413 0.2112722
-0.556369 1.500719 0.3627305
-0.4408025 1.176388 0.4499494
-0.6892068 1.22036 0.06070154
-0.3766967 1.132765 0.3641159
-0.6747467 0.9086654 0.4382124
-0.3274137 1.254341 0.2821637
-0.393247 1.022308 0.395456
-0.6374134 1.122005 0.2970152
-0.4937484 0.9980705 0.3958398
-0.4377352 0.1275755 0.2958609
-0.4187585 1.248926 0.2240333
-0.5234253 1.238467 0.3830863
-0.3631178 1.461673 0.2652458
-0.4655071 0.8443213 0.3132859
-0.3363175 1.204225 0.1857571
-0.3336233 1.16568 0.2216897
-0.4346955 1.442732 0.3647707
-0.5754609 1.471782 0.4003686
-0.3197857 1.46479 0.370555
-0.7293264 1.210006 0.3889214
-0.546146 1.211563 0.3355299
-0.6636972 0.6883868 0.3822022
-0.2814476 1.291124 0.2756801
-0.6766887 1.253767 0.3538011
-0.4728991 1.160925 0.09772862
-0.5856505 1.427262 0.3033118
-0.5703317 1.224235 0.3910192
-0.4773324 1.196748 0.1397538
-0.3602405 0.8306065 0.3088844
-0.615287 0.5560367 0.3847941
-0.5250855 1.457366 0.3819367
-0.5433772 0.8091391 0.2484564
-0.3807268 0.4126758 0.3611816
-0.4593095 1.30709 0.2767451
-0.5514783 1.721999 0.1819171
-0.5006934 1.521332 0.4507664
-0.5212519 1.266193 0.3387718
-0.6437603 1.024101 0.4059612
-0.5050167 1.042639 0.3347161
-0.7235094 0.8695576 0.3608167
-0.5425028 0.9572616 0.4787453
-0.6156338 0.7749004 0.2702096
-0.7323296 1.212986 0.4384725
-0.7730009 1.20356 0.4616816
-0.4362012 1.018748 0.2024931
-0.4312391 0.9506232 0.4456734
-0.6102065 0.3661235 0.4117724
-0.4803492 0.9524773 0.4110443
-0.6236959 1.404435 0.5142423
-0.5712732 0.5921898 0.4010611
-0.4576606 0.8030154 0.409203
-0.5925257 1.058559 0.4688639
-0.4597647 0.8699838 0.1768513
-0.4220351 0.8280646 0.2646506
-0.4929913 0.9879339 0.34147
-0.4730147 1.376115 0.4552489
-0.456563 1.234945 0.1098676
-0.6491606 0.9514683 0.4567469
-0.5271777 0.9882196 0.301305
-0.7187086 1.20899 0.3402542
-0.5768812 1.727717 0.3402627
-0.4930816 0.6058258 0.3285747
-0.7470678 1.360857 0.4159194
-0.5406557 1.074564 0.1864474
-0.3817 0.9582312 0.2331707
-0.5472372 1.28074 0.3961606
-0.3433241 1.23275 0.3342246
-0.4248355 1.390362 0.2888035
-0.531176 1.60055 0.2525577
-0.4167925 0.5598449 0.3668096
-0.4712704 0.3554052 0.3391733
-0.4692929 1.130375 0.3328677
-0.4007084 0.6945528 0.3333345
-0.4890805 0.9601349 0.2728738
-0.6788507 1.158167 0.2676674
-0.4306962 1.17466 0.3893565
-0.3889232 0.2801687 0.315415
-0.662899 0.6409667 0.2980307
-0.5985193 0.8227907 0.2614075
-0.6577793 1.430915 0.3378818
-0.4582352 0.8757384 0.2760427
-0.6158754 0.4899626 0.3960381
-0.4856303 1.734134 0.2787672
-0.4899155 1.38009 0.3985467
-0.6158506 1.221008 0.3728196
-0.4233895 1.338191 0.4512973
-0.5700075 1.330504 0.408233
-0.43876 0.5121324 0.2512515
-0.696448 0.963264 0.4207615
-0.5851276 0.01936907 0.453087
-0.4864639 1.263388 0.3017687
-0.5280973 1.466604 0.4311566
-0.4846395 1.330782 0.4690794
-0.3822718 0.3860787 0.3190017
-0.6663342 1.299263 0.3086768
-0.5079219 1.156445 0.4267099
-0.4856135 1.683279 0.2609718
-0.6673034 0.6911742 0.2851017
-0.3715753 0.9191082 0.3821397
-0.5160508 1.231861 0.04561524
-0.690322 0.7364408 0.2932633
-0.6300225 1.201847 0.4186959
-0.5076083 1.315964 0.2747694
-0.5633523 0.2538905 0.4055907
-0.7253317 1.384274 0.4958686
-0.3847743 1.354816 0.2530165
-0.520353 1.174545 0.162335
-0.6145281 0.5729797 0.3375889
-0.4419933 1.300282 0.2283291
-0.6669425 1.040183 0.3652405
